%% Kalman

R_kalman = [1 0 0 0 0 0 0;
            1 0 0 0 0 0 0;];
Q_kalman = eye(8);1 0 0 0 0 0 0;